 pcapture.data.selectmodel.males
    width station    num.b meas.b     num.n meas.n depth netwidth temp      phi      area.n   area.b
1      25     F18    0.000      0    1.0000      1   107   17.882  2.3 3.309178 0.013930624 0.002155
2      25     F22    1.000      1    0.0000      0   113   17.814  3.7 3.661512 0.014656710 0.001968
3      25     H18    3.000      3   19.0000     19    74   17.655 -0.7 3.312259 0.015714934 0.001505
4      25     I18    3.000      3    1.0000      1    71   17.168 -0.2 3.464881 0.014260350 0.001726
5      25     I21    5.000      5    0.0000      0    73   15.877 -0.3 3.407365 0.012535312 0.001424
6      25     I22    3.000      3    0.0000      0    84   16.847  1.8 3.995257 0.013787421 0.002207
7      25     I23    1.000      1    0.0000      0    99   17.100  2.8 4.531773 0.013869834 0.002579
8      25  IH2120    1.000      1    0.0000      0    69   19.724 -0.5 3.084691 0.013939450 0.001573
9      25  IH2221    1.000      1    0.0000      0    74   16.502  2.8 3.536010 0.013586867 0.001467
10     25     J18   22.000     22   10.0000     10    69   17.010 -1.3 3.536167 0.013955533 0.001729
11     25     J19   19.000     19    8.0000      8    70   17.674 -1.4 3.383303 0.016108009 0.001967
12     25     J20    9.000      9    1.0000      1    70   17.531 -1.3 3.420390 0.014342088 0.001781
13     25     J21    4.000      4    0.0000      0    74   21.313 -0.7 3.782849 0.017883537 0.001866
14     25     J22   10.000     10    0.0000      0    86   17.659  1.2 4.363528 0.014132744 0.002204
15     25     J23    1.000      1    1.0000      1    98   17.654  2.0 4.825663 0.014478744 0.002223
16     25     J24    2.000      2    0.0000      0   104   17.238  2.2 4.898352 0.010564225 0.001779
17     25  JI2019    5.000      5    1.0000      1    66   16.210 -1.4 3.256648 0.013214119 0.001637
18     25  JI2120    0.000      0   22.0000     22    71   16.959 -1.1 3.396841 0.013854358 0.001986
19     25  JI2221   10.000     10    0.0000      0    77   17.237  0.3 3.883140 0.014156848 0.001922
20     25     K20   24.000     24    2.0000      2    69   17.227 -1.4 3.628744 0.014038138 0.001657
21     25     K21   12.000     12    0.0000      0    73   16.812 -1.2 4.014178 0.014244035 0.001774
22     25     K22   11.000     11    1.0000      1    84   17.182  0.3 4.584010 0.014312055 0.001790
23     25     K23   11.000     11    0.0000      0    95   17.373  1.8 5.003959 0.014136851 0.001984
24     25     K24    3.000      3    0.0000      0   102   17.068  2.5 5.064306 0.013814022 0.002303
25     25     K25    0.000      0    1.0000      1   109   17.441  2.8 4.726846 0.015656660 0.002086
26     25     L20   42.000     42    1.0000      1    67   17.602 -1.1 3.825626 0.014241084 0.001801
27     25     L21    7.000      7    0.0000      0    73   16.830 -1.4 4.260149 0.014195496 0.001732
28     25     L23   25.000     25    0.0000      0    92   17.397  1.2 5.095623 0.014065082 0.001973
29     25     L24   10.000     10    0.0000      0   101   17.608  2.1 5.139559 0.014071393 0.002287
30     25     N20    2.000      2    0.0000      0    60   16.650 -1.2 4.226803 0.014014547 0.001513
31     25     N21   11.000     11    1.4901      1    68   16.959 -1.5 4.659263 0.013547802 0.001949
32     25     N22    5.000      5    0.0000      0    75   17.666 -1.5 4.932028 0.014704910 0.001568
33     25     N24    3.000      3    0.0000      0    87   17.360 -0.4 5.126624 0.013771977 0.002281
34     25     N25    6.000      6    0.0000      0   102   17.654  1.6 5.248365 0.014334626 0.002505
35     25     N26    0.000      0    1.0000      1   110   17.280  2.1 5.396135 0.014423914 0.002565
36     25     O20    1.000      1    3.8344      2    56   17.214 -1.4 4.336546 0.014288522 0.001493
37     25     O22   13.000     13    2.9118      1    72   18.317 -1.5 4.847791 0.015305537 0.001688
38     25     O24    5.000      5    0.0000      0    84   17.360 -1.1 4.952239 0.014338850 0.001958
39     25     O25    2.000      2    0.0000      0    95   17.654 -0.2 5.291280 0.014905952 0.001766
40     25     O26   91.480     20    0.0000      0   104   17.110  1.8 5.668705 0.013623533 0.001917
41     25  ON2524    2.000      2    0.0000      0    93   17.654  1.2 5.161146 0.014803010 0.001740
42     25     P20    8.000      4    0.0000      0    53   16.541 -1.3 4.417112 0.013527348 0.001825
43     25     P22    3.000      3    0.0000      0    69   17.975 -1.5 4.755803 0.014511419 0.001909
44     25     P24    0.000      0    2.0000      2    65   17.432 -1.0 4.740611 0.014347497 0.001689
45     25     P25    4.000      4    3.0000      3    75   17.444 -1.1 5.172185 0.005858907 0.001701
46     25     P26   21.000     21    2.0000      2    97   18.020  0.6 5.834477 0.014605540 0.002350
47     25     P32    6.000      6    0.0000      0   141   17.008  2.1 5.049571 0.012877846 0.002357
48     25  PO2423    2.000      2    0.0000      0    76   17.475 -1.3 4.763224 0.014601968 0.001967
49     25  PO2524   28.000     28    2.0000      2    80   17.738 -1.2 5.013459 0.014387317 0.001763
50     25  PO2625    8.000      8    2.0000      2    94   17.955 -0.3 5.502576 0.014673258 0.002079
51     25  PO2726    3.000      3    0.0000      0   106   17.782  1.3 5.964651 0.014091204 0.002411
52     25     Q20    9.048      3   23.6455      5    53   16.401 -1.5 4.688582 0.013183330 0.001657
53     25     Q25    5.000      5    7.0000      7    63   17.533  0.0 5.212280 0.006895825 0.001558
54     25     Q26   19.012      2    0.0000      0    90   19.413 -0.2 5.945693 0.015632713 0.002159
55     25     Q31    6.000      6    2.0000      2   147   18.040  2.0 6.005222 0.014006375 0.002255
56     25  QP2423    7.000      7    5.0000      5    58   16.121  1.7 4.594350 0.013696183 0.001747
57     25  QP2524    0.000      0    1.0000      1    60   16.227  0.5 4.899939 0.009324872 0.001514
58     25  QP2625   77.000     77    3.0000      3    87   17.674  0.4 5.642188 0.013995314 0.001856
59     25  QP2726    5.000      5    0.0000      0   100   18.343  0.6 6.156088 0.014455544 0.002417
60     25     R29    8.975      1    0.0000      0   118   17.438  1.7 6.378360 0.014067725 0.002035
61     25     R31    1.000      1    0.0000      0   147   18.177  2.0 6.085079 0.014764589 0.002316
62     25     S22    3.185      1   17.2988      1    60   18.326 -1.4 6.151658 0.014965762 0.001771
63     25     S29   58.310      7    0.0000      0   111   16.760  1.7 6.394497 0.013452353 0.002414
64     25     S30   36.665      5    0.0000      0   122   17.873  1.9 6.390598 0.013897558 0.001952
65     25     S31    0.000      0   16.6589      1   132   18.040  2.1 6.093261 0.014232538 0.002154
66     25     T25   41.760     20   15.9590      2    73   18.980 -1.4 5.657105 0.015671389 0.001628
67     25     U25   54.000     54   28.3083      3    70   17.280 -1.5 5.850253 0.014046061 0.001649
68     25     U26  139.000    139  122.9886     21    76   17.273 -1.4 5.880491 0.013934615 0.001589
69     25     V25 1814.113    172  559.4282     73    62   16.656 -1.5 6.051012 0.013330029 0.001749
70     25     V26  263.648     88  383.8509     27    72   17.396 -1.5 5.803262 0.014551172 0.001544
71     35     H18    3.000      3    2.0000      2    74   17.655 -0.7 3.312259 0.015714934 0.001505
72     35     I18    6.000      6    0.0000      0    71   17.168 -0.2 3.464881 0.014260350 0.001726
73     35     I21    2.000      2    0.0000      0    73   15.877 -0.3 3.407365 0.012535312 0.001424
74     35     I23    0.000      0    1.4546      1    99   17.100  2.8 4.531773 0.013869834 0.002579
75     35     J18   38.000     38   52.0000     52    69   17.010 -1.3 3.536167 0.013955533 0.001729
76     35     J19   20.000     20   33.0000     33    70   17.674 -1.4 3.383303 0.016108009 0.001967
77     35     J20   19.000     19    6.0000      6    70   17.531 -1.3 3.420390 0.014342088 0.001781
78     35     J21    2.000      2    0.0000      0    74   21.313 -0.7 3.782849 0.017883537 0.001866
79     35     J22    2.000      2    0.0000      0    86   17.659  1.2 4.363528 0.014132744 0.002204
80     35  JI2019    8.000      8   21.0000     21    66   16.210 -1.4 3.256648 0.013214119 0.001637
81     35  JI2120    0.000      0    2.0000      2    71   16.959 -1.1 3.396841 0.013854358 0.001986
82     35  JI2221    1.000      1    0.0000      0    77   17.237  0.3 3.883140 0.014156848 0.001922
83     35     K20   27.000     27    6.0000      6    69   17.227 -1.4 3.628744 0.014038138 0.001657
84     35     K21   31.000     31   14.0000     14    73   16.812 -1.2 4.014178 0.014244035 0.001774
85     35     L20   11.000     11    2.0000      2    67   17.602 -1.1 3.825626 0.014241084 0.001801
86     35     L21    9.000      9    1.0000      1    73   16.830 -1.4 4.260149 0.014195496 0.001732
87     35     L22    3.000      3    0.0000      0    82   17.487 -0.1 4.762806 0.014142943 0.001803
88     35     L23    2.000      2    0.0000      0    92   17.397  1.2 5.095623 0.014065082 0.001973
89     35     L24    0.000      0    1.0000      1   101   17.608  2.1 5.139559 0.014071393 0.002287
90     35     N20    2.000      2    4.7043      3    60   16.650 -1.2 4.226803 0.014014547 0.001513
91     35     N21   35.000     35   19.3713     13    68   16.959 -1.5 4.659263 0.013547802 0.001949
92     35     N22   10.000     10   14.5443      3    75   17.666 -1.5 4.932028 0.014704910 0.001568
93     35     N24   24.000     24   33.6336      6    87   17.360 -0.4 5.126624 0.013771977 0.002281
94     35     N25    3.000      3    0.0000      0   102   17.654  1.6 5.248365 0.014334626 0.002505
95     35     O20   14.000     14  115.0320     60    56   17.214 -1.4 4.336546 0.014288522 0.001493
96     35     O22   28.000     28   46.5888     16    72   18.317 -1.5 4.847791 0.015305537 0.001688
97     35     O24   74.000     74   53.9005      5    84   17.360 -1.1 4.952239 0.014338850 0.001958
98     35     O25    4.000      4    8.1048      2    95   17.654 -0.2 5.291280 0.014905952 0.001766
99     35     O26    0.000      0    1.0000      1   104   17.110  1.8 5.668705 0.013623533 0.001917
100    35  ON2524    4.000      4   12.3452      7    93   17.654  1.2 5.161146 0.014803010 0.001740
101    35     P20   62.000     31   47.5770     15    53   16.541 -1.3 4.417112 0.013527348 0.001825
102    35     P22   12.000     12    9.8931      3    69   17.975 -1.5 4.755803 0.014511419 0.001909
103    35     P24    2.000      2    2.0000      2    65   17.432 -1.0 4.740611 0.014347497 0.001689
104    35     P25    0.000      0    5.0000      5    75   17.444 -1.1 5.172185 0.005858907 0.001701
105    35     P26   13.000     13    8.0000      8    97   18.020  0.6 5.834477 0.014605540 0.002350
106    35     P31    3.000      3    0.0000      0   135   17.362  2.0 5.917210 0.013540714 0.002941
107    35  PO2423   15.000     15   69.4316      7    76   17.475 -1.3 4.763224 0.014601968 0.001967
108    35  PO2524    4.000      4    0.0000      0    80   17.738 -1.2 5.013459 0.014387317 0.001763
109    35  PO2625   29.000     29   17.0000     17    94   17.955 -0.3 5.502576 0.014673258 0.002079
110    35  PO2726    3.000      3    4.0000      4   106   17.782  1.3 5.964651 0.014091204 0.002411
111    35     Q20  208.104     69  458.7227     97    53   16.401 -1.5 4.688582 0.013183330 0.001657
112    35     Q25    0.000      0   12.0000     12    63   17.533  0.0 5.212280 0.006895825 0.001558
113    35     Q26   38.024      4    0.0000      0    90   19.413 -0.2 5.945693 0.015632713 0.002159
114    35     Q31   11.000     11    4.0000      4   147   18.040  2.0 6.005222 0.014006375 0.002255
115    35  QP2423    1.000      1    2.0000      2    58   16.121  1.7 4.594350 0.013696183 0.001747
116    35  QP2524    0.000      0    2.0000      2    60   16.227  0.5 4.899939 0.009324872 0.001514
117    35  QP2625   26.000     26    3.0000      3    87   17.674  0.4 5.642188 0.013995314 0.001856
118    35  QP2726    1.000      1    0.0000      0   100   18.343  0.6 6.156088 0.014455544 0.002417
119    35     R22    1.997      1    0.0000      0    62   18.679 -1.6 5.324870 0.015313941 0.001636
120    35     R26   15.285      3   28.4171      1    86   17.189 -0.8 5.983782 0.013350664 0.002373
121    35     R29    0.000      0   62.8456      4   118   17.438  1.7 6.378360 0.014067725 0.002035
122    35     R30    1.000      1    0.0000      0   129   18.040  2.0 6.348532 0.014479741 0.002400
123    35     R31    1.000      1    2.0000      2   147   18.177  2.0 6.085079 0.014764589 0.002316
124    35     S22    9.555      3   59.9127      4    60   18.326 -1.4 6.151658 0.014965762 0.001771
125    35     S28    4.448      1  114.3246      3   102   16.785  1.0 6.443201 0.013340289 0.002063
126    35     S29  141.610     17  100.8337      1   111   16.760  1.7 6.394497 0.013452353 0.002414
127    35     S30   36.665      5   62.1193      1   122   17.873  1.9 6.390598 0.013897558 0.001952
128    35     T25   54.288     26  151.6105     19    73   18.980 -1.4 5.657105 0.015671389 0.001628
129    35     T30    0.000      0  158.8869      1   117   17.873  1.8 6.407145 0.013954879 0.001966
130    35     U25   59.000     59  245.3386     26    70   17.280 -1.5 5.850253 0.014046061 0.001649
131    35     U26   28.000     28  216.6942     37    76   17.273 -1.4 5.880491 0.013934615 0.001589
132    35     V25  190.854     18  206.9118     27    62   16.656 -1.5 6.051012 0.013330029 0.001749
133    35     V26  287.616     96 1151.5527     81    72   17.396 -1.5 5.803262 0.014551172 0.001544
134    45     H18    0.000      0    2.0000      2    74   17.655 -0.7 3.312259 0.015714934 0.001505
135    45     I18   10.000     10    5.0000      5    71   17.168 -0.2 3.464881 0.014260350 0.001726
136    45     I22    1.000      1    0.0000      0    84   16.847  1.8 3.995257 0.013787421 0.002207
137    45     J18    6.000      6   13.0000     13    69   17.010 -1.3 3.536167 0.013955533 0.001729
138    45     J19    8.000      8    7.0000      7    70   17.674 -1.4 3.383303 0.016108009 0.001967
139    45     J20   15.000     15    3.0000      3    70   17.531 -1.3 3.420390 0.014342088 0.001781
140    45     J21    1.000      1    0.0000      0    74   21.313 -0.7 3.782849 0.017883537 0.001866
141    45     J22    0.000      0    1.0000      1    86   17.659  1.2 4.363528 0.014132744 0.002204
142    45  JI2019    2.000      2   10.0000     10    66   16.210 -1.4 3.256648 0.013214119 0.001637
143    45  JI2120    0.000      0    2.0000      2    71   16.959 -1.1 3.396841 0.013854358 0.001986
144    45  JI2221    1.000      1    0.0000      0    77   17.237  0.3 3.883140 0.014156848 0.001922
145    45     K20    3.000      3    1.0000      1    69   17.227 -1.4 3.628744 0.014038138 0.001657
146    45     K21    5.000      5    8.0000      8    73   16.812 -1.2 4.014178 0.014244035 0.001774
147    45     K22    0.000      0    1.0000      1    84   17.182  0.3 4.584010 0.014312055 0.001790
148    45     L20    1.000      1    3.0000      3    67   17.602 -1.1 3.825626 0.014241084 0.001801
149    45     L21    1.000      1    2.0000      2    73   16.830 -1.4 4.260149 0.014195496 0.001732
150    45     L22    0.000      0    1.0000      1    82   17.487 -0.1 4.762806 0.014142943 0.001803
151    45     L23    0.000      0    1.0000      1    92   17.397  1.2 5.095623 0.014065082 0.001973
152    45     L24    2.000      2    0.0000      0   101   17.608  2.1 5.139559 0.014071393 0.002287
153    45     N20    1.000      1  188.1720    120    60   16.650 -1.2 4.226803 0.014014547 0.001513
154    45     N21    8.000      8    8.9406      6    68   16.959 -1.5 4.659263 0.013547802 0.001949
155    45     N22   13.000     13   33.9367      7    75   17.666 -1.5 4.932028 0.014704910 0.001568
156    45     N24  141.790    135  112.1120     20    87   17.360 -0.4 5.126624 0.013771977 0.002281
157    45     N25   16.000     16   25.7562      6   102   17.654  1.6 5.248365 0.014334626 0.002505
158    45     O20   44.000     44  249.2360    130    56   17.214 -1.4 4.336546 0.014288522 0.001493
159    45     O22   14.000     14   34.9416     12    72   18.317 -1.5 4.847791 0.015305537 0.001688
160    45     O24   76.000     76  312.6229     29    84   17.360 -1.1 4.952239 0.014338850 0.001958
161    45     O25   36.000     36   32.4192      8    95   17.654 -0.2 5.291280 0.014905952 0.001766
162    45     O26    1.000      1    0.0000      0   104   17.110  1.8 5.668705 0.013623533 0.001917
163    45     O27    0.000      0    1.0000      1   116   17.873  2.1 5.926751 0.014444706 0.002441
164    45  ON2524   43.000     43   28.2176     16    93   17.654  1.2 5.161146 0.014803010 0.001740
165    45  ON2625    1.000      1    1.0000      1   102   17.654  1.9 5.422878 0.014216243 0.001867
166    45     P20   74.000     37  174.4490     55    53   16.541 -1.3 4.417112 0.013527348 0.001825
167    45     P22   18.000     18   56.0609     17    69   17.975 -1.5 4.755803 0.014511419 0.001909
168    45     P24    0.000      0    2.0000      2    65   17.432 -1.0 4.740611 0.014347497 0.001689
169    45     P25    0.000      0    1.0000      1    75   17.444 -1.1 5.172185 0.005858907 0.001701
170    45     P26   30.000     30   12.0000     12    97   18.020  0.6 5.834477 0.014605540 0.002350
171    45     P31   10.000     10   13.0000     13   135   17.362  2.0 5.917210 0.013540714 0.002941
172    45     P32    1.000      1    0.0000      0   141   17.008  2.1 5.049571 0.012877846 0.002357
173    45  PO2423   28.000     28   89.2692      9    76   17.475 -1.3 4.763224 0.014601968 0.001967
174    45  PO2524    2.000      2    5.0000      5    80   17.738 -1.2 5.013459 0.014387317 0.001763
175    45  PO2625   20.000     20   34.0000     34    94   17.955 -0.3 5.502576 0.014673258 0.002079
176    45  PO2726    2.000      2    4.0000      4   106   17.782  1.3 5.964651 0.014091204 0.002411
177    45     Q20  199.056     66  491.8264    104    53   16.401 -1.5 4.688582 0.013183330 0.001657
178    45     Q25    2.000      2    6.0000      6    63   17.533  0.0 5.212280 0.006895825 0.001558
179    45     Q26  743.468     80  436.4619      7    90   19.413 -0.2 5.945693 0.015632713 0.002159
180    45     Q31    3.000      3    0.0000      0   147   18.040  2.0 6.005222 0.014006375 0.002255
181    45  QP2423    1.000      1    1.0000      1    58   16.121  1.7 4.594350 0.013696183 0.001747
182    45  QP2524    0.000      0    1.0000      1    60   16.227  0.5 4.899939 0.009324872 0.001514
183    45  QP2625    2.000      2    4.0000      4    87   17.674  0.4 5.642188 0.013995314 0.001856
184    45  QP2726   11.000     11  145.0740     15   100   18.343  0.6 6.156088 0.014455544 0.002417
185    45     R22  203.694    102  904.3072    106    62   18.679 -1.6 5.324870 0.015313941 0.001636
186    45     R26  422.885     83  625.1762     22    86   17.189 -0.8 5.983782 0.013350664 0.002373
187    45     R29   35.900      4  377.0736     24   118   17.438  1.7 6.378360 0.014067725 0.002035
188    45     R30    3.000      3    3.3389      1   129   18.040  2.0 6.348532 0.014479741 0.002400
189    45     R31    1.000      1    6.0000      6   147   18.177  2.0 6.085079 0.014764589 0.002316
190    45     S22  343.980    108 2801.1394    163    60   18.326 -1.4 6.151658 0.014965762 0.001771
191    45     S28  128.992     29  952.7050     25   102   16.785  1.0 6.443201 0.013340289 0.002063
192    45     S29  666.400     80 1109.1707     11   111   16.760  1.7 6.394497 0.013452353 0.002414
193    45     S30  109.995     15  372.7158      6   122   17.873  1.9 6.390598 0.013897558 0.001952
194    45     T25  248.472    119 1244.8020    156    73   18.980 -1.4 5.657105 0.015671389 0.001628
195    45     T30  383.320     40 3654.3987     23   117   17.873  1.8 6.407145 0.013954879 0.001966
196    45     U25  138.000    138  792.6324     84    70   17.280 -1.5 5.850253 0.014046061 0.001649
197    45     U26   27.000     27  468.5280     80    76   17.273 -1.4 5.880491 0.013934615 0.001589
198    45     V25  206.854     34  613.0720     80    62   16.656 -1.5 6.051012 0.013330029 0.001749
199    45     V26  132.824     45  952.5189     67    72   17.396 -1.5 5.803262 0.014551172 0.001544
200    55     F18    3.000      3    3.0000      3   107   17.882  2.3 3.309178 0.013930624 0.002155
201    55     F22    1.000      1    0.0000      0   113   17.814  3.7 3.661512 0.014656710 0.001968
202    55     G18    0.000      0    6.0000      6    81   17.730 -0.5 3.210886 0.015709323 0.001757
203    55     G22    1.000      1    1.0000      1    94   16.924  2.9 3.504983 0.014116886 0.002027
204    55  GF2221    0.000      0    1.0000      1   100   17.421  3.3 3.231405 0.014236860 0.002465
205    55     H18    0.000      0    4.0000      4    74   17.655 -0.7 3.312259 0.015714934 0.001505
206    55     I18    3.000      3    5.0000      5    71   17.168 -0.2 3.464881 0.014260350 0.001726
207    55     I22    3.000      3    5.3776      4    84   16.847  1.8 3.995257 0.013787421 0.002207
208    55     I23    1.000      1    1.4546      1    99   17.100  2.8 4.531773 0.013869834 0.002579
209    55  IH2120    1.000      1    3.0000      3    69   19.724 -0.5 3.084691 0.013939450 0.001573
210    55     J18    2.000      2    3.0000      3    69   17.010 -1.3 3.536167 0.013955533 0.001729
211    55     J19    2.000      2    6.0000      6    70   17.674 -1.4 3.383303 0.016108009 0.001967
212    55     J20    5.000      5    3.0000      3    70   17.531 -1.3 3.420390 0.014342088 0.001781
213    55     J21    2.000      2    1.8528      1    74   21.313 -0.7 3.782849 0.017883537 0.001866
214    55     J22    2.000      2    0.0000      0    86   17.659  1.2 4.363528 0.014132744 0.002204
215    55     J23    3.000      3    4.0000      4    98   17.654  2.0 4.825663 0.014478744 0.002223
216    55     J24   11.000     11    1.0000      1   104   17.238  2.2 4.898352 0.010564225 0.001779
217    55     J25    1.000      1    0.0000      0   108   18.310  2.8 4.497125 0.016933220 0.002364
218    55  JI2019    3.000      3    5.0000      5    66   16.210 -1.4 3.256648 0.013214119 0.001637
219    55  JI2120    0.000      0    2.0000      2    71   16.959 -1.1 3.396841 0.013854358 0.001986
220    55  JI2221    5.000      5    0.0000      0    77   17.237  0.3 3.883140 0.014156848 0.001922
221    55     K20    3.000      3    4.0000      4    69   17.227 -1.4 3.628744 0.014038138 0.001657
222    55     K21    2.000      2    2.0000      2    73   16.812 -1.2 4.014178 0.014244035 0.001774
223    55     K22    1.000      1    0.0000      0    84   17.182  0.3 4.584010 0.014312055 0.001790
224    55     K23    3.000      3    2.0000      2    95   17.373  1.8 5.003959 0.014136851 0.001984
225    55     K24    2.000      2    1.0000      1   102   17.068  2.5 5.064306 0.013814022 0.002303
226    55     L20    5.000      5    4.0000      4    67   17.602 -1.1 3.825626 0.014241084 0.001801
227    55     L21    5.000      5    4.0000      4    73   16.830 -1.4 4.260149 0.014195496 0.001732
228    55     L22    7.000      7    6.0000      6    82   17.487 -0.1 4.762806 0.014142943 0.001803
229    55     L23   10.000     10    4.0000      4    92   17.397  1.2 5.095623 0.014065082 0.001973
230    55     L24    2.000      2    1.0000      1   101   17.608  2.1 5.139559 0.014071393 0.002287
231    55     L25    0.000      0    2.0000      2   112   17.441  2.6 4.907496 0.014004040 0.002199
232    55     N20    5.000      5   83.1093     53    60   16.650 -1.2 4.226803 0.014014547 0.001513
233    55     N21  131.000    131   98.3466     66    68   16.959 -1.5 4.659263 0.013547802 0.001949
234    55     N22  118.000    118  344.2151     71    75   17.666 -1.5 4.932028 0.014704910 0.001568
235    55     N24   84.790     78   95.2952     17    87   17.360 -0.4 5.126624 0.013771977 0.002281
236    55     N25   39.000     39   42.9270     10   102   17.654  1.6 5.248365 0.014334626 0.002505
237    55     N26    3.000      3    1.0000      1   110   17.280  2.1 5.396135 0.014423914 0.002565
238    55     O20   21.000     21   59.4332     31    56   17.214 -1.4 4.336546 0.014288522 0.001493
239    55     O22   62.000     62  133.9428     46    72   18.317 -1.5 4.847791 0.015305537 0.001688
240    55     O24   31.000     31   75.4607      7    84   17.360 -1.1 4.952239 0.014338850 0.001958
241    55     O25   18.000     18   24.3144      6    95   17.654 -0.2 5.291280 0.014905952 0.001766
242    55     O26    1.000      1    8.0000      8   104   17.110  1.8 5.668705 0.013623533 0.001917
243    55     O27    6.000      6    9.0000      9   116   17.873  2.1 5.926751 0.014444706 0.002441
244    55  ON2524   15.000     15   17.6360     10    93   17.654  1.2 5.161146 0.014803010 0.001740
245    55  ON2625    5.000      5    1.0000      1   102   17.654  1.9 5.422878 0.014216243 0.001867
246    55     P20   74.000     37  209.3388     66    53   16.541 -1.3 4.417112 0.013527348 0.001825
247    55     P22   93.000     93  201.1597     61    69   17.975 -1.5 4.755803 0.014511419 0.001909
248    55     P24    0.000      0    2.0000      2    65   17.432 -1.0 4.740611 0.014347497 0.001689
249    55     P25    1.000      1    0.0000      0    75   17.444 -1.1 5.172185 0.005858907 0.001701
250    55     P26    6.000      6    8.0000      8    97   18.020  0.6 5.834477 0.014605540 0.002350
251    55     P27    4.000      4    3.0000      3   108   17.260  1.2 6.220015 0.014115351 0.001956
252    55     P30    1.000      1    9.0000      9   141   17.568  2.4 6.085942 0.013706497 0.002482
253    55     P31   22.000     22   23.0000     23   135   17.362  2.0 5.917210 0.013540714 0.002941
254    55     P32    1.000      1    0.0000      0   141   17.008  2.1 5.049571 0.012877846 0.002357
255    55  PO2423   60.000     60  198.3760     20    76   17.475 -1.3 4.763224 0.014601968 0.001967
256    55  PO2524    6.000      6    2.0000      2    80   17.738 -1.2 5.013459 0.014387317 0.001763
257    55  PO2625    1.000      1    3.0000      3    94   17.955 -0.3 5.502576 0.014673258 0.002079
258    55  PO2726    4.000      4    6.0000      6   106   17.782  1.3 5.964651 0.014091204 0.002411
259    55     Q20   54.288     18  113.4984     24    53   16.401 -1.5 4.688582 0.013183330 0.001657
260    55     Q25    1.000      1    1.0000      1    63   17.533  0.0 5.212280 0.006895825 0.001558
261    55     Q26  884.058     93 1558.7925     25    90   19.413 -0.2 5.945693 0.015632713 0.002159
262    55     Q30    1.000      1    8.0000      8   137   18.040  2.1 6.254995 0.014274615 0.002419
263    55     Q31    5.000      5    5.0000      5   147   18.040  2.0 6.005222 0.014006375 0.002255
264    55  QP2423    0.000      0    1.0000      1    58   16.121  1.7 4.594350 0.013696183 0.001747
265    55  QP2625    5.000      5    3.0000      3    87   17.674  0.4 5.642188 0.013995314 0.001856
266    55  QP2726    7.000      7  145.0740     15   100   18.343  0.6 6.156088 0.014455544 0.002417
267    55     R22  213.679    107  844.5888     99    62   18.679 -1.6 5.324870 0.015313941 0.001636
268    55     R26  208.895     41  227.3368      8    86   17.189 -0.8 5.983782 0.013350664 0.002373
269    55     R29   62.825      7   94.2684      6   118   17.438  1.7 6.378360 0.014067725 0.002035
270    55     R30   33.000     33   73.4558     22   129   18.040  2.0 6.348532 0.014479741 0.002400
271    55     R31    2.000      2   17.0000     17   147   18.177  2.0 6.085079 0.014764589 0.002316
272    55     R32    1.000      1    0.0000      0   162   18.177  2.5 5.085583 0.014663897 0.002538
273    55     S22  101.920     32  914.3040     55    60   18.326 -1.4 6.151658 0.014965762 0.001771
274    55     S28  133.440     30  571.6230     15   102   16.785  1.0 6.443201 0.013340289 0.002063
275    55     S29  624.750     75 1512.5055     15   111   16.760  1.7 6.394497 0.013452353 0.002414
276    55     S30  234.656     32 1490.8632     24   122   17.873  1.9 6.390598 0.013897558 0.001952
277    55     S31  105.525     15  316.5191     19   132   18.040  2.1 6.093261 0.014232538 0.002154
278    55     T25   56.376     27  279.2825     35    73   18.980 -1.4 5.657105 0.015671389 0.001628
279    55     T30  373.737     39 2224.4166     14   117   17.873  1.8 6.407145 0.013954879 0.001966
280    55     U25   51.000     51  434.0606     46    70   17.280 -1.5 5.850253 0.014046061 0.001649
281    55     U26   19.000     19  189.2447     33    76   17.273 -1.4 5.880491 0.013934615 0.001589
282    55     V25  143.221     76  237.5654     31    62   16.656 -1.5 6.051012 0.013330029 0.001749
283    55     V26   60.940     31  326.9841     23    72   17.396 -1.5 5.803262 0.014551172 0.001544
284    65     F18   10.000     10   28.0000     28   107   17.882  2.3 3.309178 0.013930624 0.002155
285    65     F21    0.000      0    1.0000      1    97   17.654  2.3 3.031825 0.014396391 0.002062
286    65     F22    2.000      2    1.0000      1   113   17.814  3.7 3.661512 0.014656710 0.001968
287    65     G18    3.000      3   19.0000     19    81   17.730 -0.5 3.210886 0.015709323 0.001757
288    65     G22    6.000      6    0.0000      0    94   16.924  2.9 3.504983 0.014116886 0.002027
289    65  GF2221    1.000      1    0.0000      0   100   17.421  3.3 3.231405 0.014236860 0.002465
290    65     H18    6.000      6    3.0000      3    74   17.655 -0.7 3.312259 0.015714934 0.001505
291    65     I18    9.000      9   16.0000     16    71   17.168 -0.2 3.464881 0.014260350 0.001726
292    65     I21    4.000      4    5.0000      5    73   15.877 -0.3 3.407365 0.012535312 0.001424
293    65     I22    3.000      3    9.4108      7    84   16.847  1.8 3.995257 0.013787421 0.002207
294    65     I23    4.000      4    4.3638      3    99   17.100  2.8 4.531773 0.013869834 0.002579
295    65  IH2120    2.000      2    8.0000      8    69   19.724 -0.5 3.084691 0.013939450 0.001573
296    65     J18    5.000      5    5.0000      5    69   17.010 -1.3 3.536167 0.013955533 0.001729
297    65     J19    3.000      3    9.0000      9    70   17.674 -1.4 3.383303 0.016108009 0.001967
298    65     J20    1.000      1   11.0000     11    70   17.531 -1.3 3.420390 0.014342088 0.001781
299    65     J21    3.000      3    3.7056      2    74   21.313 -0.7 3.782849 0.017883537 0.001866
300    65     J22    2.000      2    4.0000      4    86   17.659  1.2 4.363528 0.014132744 0.002204
301    65     J23    4.000      4   10.0000     10    98   17.654  2.0 4.825663 0.014478744 0.002223
302    65     J24   22.000     22    1.0000      1   104   17.238  2.2 4.898352 0.010564225 0.001779
303    65     J25   11.000     11    3.0000      3   108   18.310  2.8 4.497125 0.016933220 0.002364
304    65  JI2019    3.000      3   15.0000     15    66   16.210 -1.4 3.256648 0.013214119 0.001637
305    65  JI2120    0.000      0    5.0000      5    71   16.959 -1.1 3.396841 0.013854358 0.001986
306    65  JI2221    7.000      7    2.0000      2    77   17.237  0.3 3.883140 0.014156848 0.001922
307    65     K20    4.000      4    4.0000      4    69   17.227 -1.4 3.628744 0.014038138 0.001657
308    65     K21    3.000      3    6.0000      6    73   16.812 -1.2 4.014178 0.014244035 0.001774
309    65     K22    7.000      7    3.0000      3    84   17.182  0.3 4.584010 0.014312055 0.001790
310    65     K23    0.000      0    2.0000      2    95   17.373  1.8 5.003959 0.014136851 0.001984
311    65     K24    4.000      4    3.0000      3   102   17.068  2.5 5.064306 0.013814022 0.002303
312    65     K25    2.000      2    1.0000      1   109   17.441  2.8 4.726846 0.015656660 0.002086
313    65     L20   10.000     10   14.0000     14    67   17.602 -1.1 3.825626 0.014241084 0.001801
314    65     L21    8.000      8   26.0000     26    73   16.830 -1.4 4.260149 0.014195496 0.001732
315    65     L22   65.000     65   91.0000     91    82   17.487 -0.1 4.762806 0.014142943 0.001803
316    65     L23   15.000     15    7.0000      7    92   17.397  1.2 5.095623 0.014065082 0.001973
317    65     L24    7.000      7    2.0000      2   101   17.608  2.1 5.139559 0.014071393 0.002287
318    65     L25    2.000      2    2.0000      2   112   17.441  2.6 4.907496 0.014004040 0.002199
319    65     N20   10.000     10   54.8835     35    60   16.650 -1.2 4.226803 0.014014547 0.001513
320    65     N21   82.000     82  205.6338    138    68   16.959 -1.5 4.659263 0.013547802 0.001949
321    65     N22  119.000    119  392.6961     81    75   17.666 -1.5 4.932028 0.014704910 0.001568
322    65     N24   51.000     51  106.4462     23    87   17.360 -0.4 5.126624 0.013771977 0.002281
323    65     N25   53.000     53   37.3416     11   102   17.654  1.6 5.248365 0.014334626 0.002505
324    65     N26    8.000      8    5.0000      5   110   17.280  2.1 5.396135 0.014423914 0.002565
325    65     N27    1.000      1    0.0000      0   120   17.873  2.4 5.454663 0.014137261 0.002595
326    65     O20    5.000      5   15.3376      8    56   17.214 -1.4 4.336546 0.014288522 0.001493
327    65     O22   80.000     80  113.5602     39    72   18.317 -1.5 4.847791 0.015305537 0.001688
328    65     O24   38.000     38   73.6806     15    84   17.360 -1.1 4.952239 0.014338850 0.001958
329    65     O25   32.000     32   45.5764     12    95   17.654 -0.2 5.291280 0.014905952 0.001766
330    65     O26   11.000     11   27.0000     27   104   17.110  1.8 5.668705 0.013623533 0.001917
331    65     O27   26.000     26   30.0000     30   116   17.873  2.1 5.926751 0.014444706 0.002441
332    65  ON2524    8.000      8   24.6904     14    93   17.654  1.2 5.161146 0.014803010 0.001740
333    65  ON2625    9.000      9    7.0000      7   102   17.654  1.9 5.422878 0.014216243 0.001867
334    65     P20   30.000     15   63.4360     20    53   16.541 -1.3 4.417112 0.013527348 0.001825
335    65     P22   78.000     78  187.9689     57    69   17.975 -1.5 4.755803 0.014511419 0.001909
336    65     P24    0.000      0    7.0000      7    65   17.432 -1.0 4.740611 0.014347497 0.001689
337    65     P25    0.000      0    1.0000      1    75   17.444 -1.1 5.172185 0.005858907 0.001701
338    65     P26    6.000      6    3.0000      3    97   18.020  0.6 5.834477 0.014605540 0.002350
339    65     P27   10.000     10   15.0000     15   108   17.260  1.2 6.220015 0.014115351 0.001956
340    65     P30    0.000      0    1.0000      1   141   17.568  2.4 6.085942 0.013706497 0.002482
341    65     P31    7.000      7    3.0000      3   135   17.362  2.0 5.917210 0.013540714 0.002941
342    65     P32    2.000      2    0.0000      0   141   17.008  2.1 5.049571 0.012877846 0.002357
343    65  PO2423   20.000     20  140.8632     16    76   17.475 -1.3 4.763224 0.014601968 0.001967
344    65  PO2524   11.000     11    8.0000      8    80   17.738 -1.2 5.013459 0.014387317 0.001763
345    65  PO2625    8.000      8    5.0000      5    94   17.955 -0.3 5.502576 0.014673258 0.002079
346    65  PO2726   10.000     10   16.0000     16   106   17.782  1.3 5.964651 0.014091204 0.002411
347    65     Q20   15.080      5   18.9164      4    53   16.401 -1.5 4.688582 0.013183330 0.001657
348    65     Q25    0.000      0    1.0000      1    63   17.533  0.0 5.212280 0.006895825 0.001558
349    65     Q26  117.072     15  124.7034      2    90   19.413 -0.2 5.945693 0.015632713 0.002159
350    65     Q30    3.000      3    7.0000      7   137   18.040  2.1 6.254995 0.014274615 0.002419
351    65     Q31    2.000      2    3.0000      3   147   18.040  2.0 6.005222 0.014006375 0.002255
352    65  QP2524    0.000      0    1.0000      1    60   16.227  0.5 4.899939 0.009324872 0.001514
353    65  QP2625   11.000     11    4.0000      4    87   17.674  0.4 5.642188 0.013995314 0.001856
354    65  QP2726   26.000     26  117.0592     13   100   18.343  0.6 6.156088 0.014455544 0.002417
355    65     R22   61.907     31  276.2886     33    62   18.679 -1.6 5.324870 0.015313941 0.001636
356    65     R26   10.190      2   85.2513      3    86   17.189 -0.8 5.983782 0.013350664 0.002373
357    65     R29  143.600     16  251.3824     16   118   17.438  1.7 6.378360 0.014067725 0.002035
358    65     R30   32.000     32   50.0835     15   129   18.040  2.0 6.348532 0.014479741 0.002400
359    65     R31   13.000     13   15.0000     15   147   18.177  2.0 6.085079 0.014764589 0.002316
360    65     R32    2.000      2    2.0000      2   162   18.177  2.5 5.085583 0.014663897 0.002538
361    65     S22    6.370      2   51.8964      3    60   18.326 -1.4 6.151658 0.014965762 0.001771
362    65     S28   35.584      8   76.2164      2   102   16.785  1.0 6.443201 0.013340289 0.002063
363    65     S29  133.280     16  403.3348      4   111   16.760  1.7 6.394497 0.013452353 0.002414
364    65     S30  131.994     18  248.4772      4   122   17.873  1.9 6.390598 0.013897558 0.001952
365    65     S31  204.015     29  466.4492     28   132   18.040  2.1 6.093261 0.014232538 0.002154
366    65     T25   16.704      8   47.8770      6    73   18.980 -1.4 5.657105 0.015671389 0.001628
367    65     T30   86.247      9  476.6607      3   117   17.873  1.8 6.407145 0.013954879 0.001966
368    65     U25   12.000     12  113.2332     12    70   17.280 -1.5 5.850253 0.014046061 0.001649
369    65     U26    3.000      3   35.1396      6    76   17.273 -1.4 5.880491 0.013934615 0.001589
370    65     V25   39.000     39   61.3072      8    62   16.656 -1.5 6.051012 0.013330029 0.001749
371    65     V26   12.000     12   71.0835      5    72   17.396 -1.5 5.803262 0.014551172 0.001544
372    75     F18    4.000      4    5.0000      5   107   17.882  2.3 3.309178 0.013930624 0.002155
373    75     F22   11.000     11    6.0000      6   113   17.814  3.7 3.661512 0.014656710 0.001968
374    75     G18    0.000      0   10.0000     10    81   17.730 -0.5 3.210886 0.015709323 0.001757
375    75     G22    1.000      1    0.0000      0    94   16.924  2.9 3.504983 0.014116886 0.002027
376    75  GF2221    2.000      2    1.0000      1   100   17.421  3.3 3.231405 0.014236860 0.002465
377    75     H18    2.000      2    1.0000      1    74   17.655 -0.7 3.312259 0.015714934 0.001505
378    75     H23    1.000      1    2.0000      2    99   17.653  3.5 4.207180 0.014313227 0.002664
379    75     I18    4.000      4   17.0000     17    71   17.168 -0.2 3.464881 0.014260350 0.001726
380    75     I21    1.000      1    2.0000      2    73   15.877 -0.3 3.407365 0.012535312 0.001424
381    75     I22    6.000      6    6.7220      5    84   16.847  1.8 3.995257 0.013787421 0.002207
382    75     I23   26.000     26   18.9098     13    99   17.100  2.8 4.531773 0.013869834 0.002579
383    75  IH2120    1.000      1    3.0000      3    69   19.724 -0.5 3.084691 0.013939450 0.001573
384    75  IH2221    0.000      0    1.0000      1    74   16.502  2.8 3.536010 0.013586867 0.001467
385    75     J18    0.000      0    5.0000      5    69   17.010 -1.3 3.536167 0.013955533 0.001729
386    75     J19    0.000      0    6.0000      6    70   17.674 -1.4 3.383303 0.016108009 0.001967
387    75     J20    2.000      2    8.0000      8    70   17.531 -1.3 3.420390 0.014342088 0.001781
388    75     J21    4.000      4    3.7056      2    74   21.313 -0.7 3.782849 0.017883537 0.001866
389    75     J22    2.000      2    5.0000      5    86   17.659  1.2 4.363528 0.014132744 0.002204
390    75     J23    6.000      6    8.0000      8    98   17.654  2.0 4.825663 0.014478744 0.002223
391    75     J24   26.000     26    4.0000      4   104   17.238  2.2 4.898352 0.010564225 0.001779
392    75     J25   10.000     10    1.0000      1   108   18.310  2.8 4.497125 0.016933220 0.002364
393    75  JI2019    1.000      1    9.0000      9    66   16.210 -1.4 3.256648 0.013214119 0.001637
394    75  JI2120    0.000      0    5.0000      5    71   16.959 -1.1 3.396841 0.013854358 0.001986
395    75  JI2221    2.000      2    4.0000      4    77   17.237  0.3 3.883140 0.014156848 0.001922
396    75     K20    3.000      3    3.0000      3    69   17.227 -1.4 3.628744 0.014038138 0.001657
397    75     K21    8.000      8    3.0000      3    73   16.812 -1.2 4.014178 0.014244035 0.001774
398    75     K22    5.000      5   13.0000     13    84   17.182  0.3 4.584010 0.014312055 0.001790
399    75     K23    7.000      7    7.0000      7    95   17.373  1.8 5.003959 0.014136851 0.001984
400    75     K24    6.000      6    8.0000      8   102   17.068  2.5 5.064306 0.013814022 0.002303
401    75     K25    2.000      2    0.0000      0   109   17.441  2.8 4.726846 0.015656660 0.002086
402    75     L20   15.000     15   14.0000     14    67   17.602 -1.1 3.825626 0.014241084 0.001801
403    75     L21    9.000      9   14.0000     14    73   16.830 -1.4 4.260149 0.014195496 0.001732
404    75     L22   37.000     37   73.0000     73    82   17.487 -0.1 4.762806 0.014142943 0.001803
405    75     L23   21.000     21    4.0000      4    92   17.397  1.2 5.095623 0.014065082 0.001973
406    75     L24   11.000     11    7.0000      7   101   17.608  2.1 5.139559 0.014071393 0.002287
407    75     L25   17.000     17   12.0000     12   112   17.441  2.6 4.907496 0.014004040 0.002199
408    75     N20   11.000     11   29.7939     19    60   16.650 -1.2 4.226803 0.014014547 0.001513
409    75     N21   15.000     15   35.7624     24    68   16.959 -1.5 4.659263 0.013547802 0.001949
410    75     N22   14.000     14   48.4810     10    75   17.666 -1.5 4.932028 0.014704910 0.001568
411    75     N24   14.000     14   44.7545     14    87   17.360 -0.4 5.126624 0.013771977 0.002281
412    75     N25    9.000      9    7.2927      4   102   17.654  1.6 5.248365 0.014334626 0.002505
413    75     N26    4.000      4    1.0000      1   110   17.280  2.1 5.396135 0.014423914 0.002565
414    75     N27    5.000      5    0.0000      0   120   17.873  2.4 5.454663 0.014137261 0.002595
415    75     O20    5.000      5    3.8344      2    56   17.214 -1.4 4.336546 0.014288522 0.001493
416    75     O22    7.000      7   29.1180     10    72   18.317 -1.5 4.847791 0.015305537 0.001688
417    75     O24    8.000      8    8.0000      8    84   17.360 -1.1 4.952239 0.014338850 0.001958
418    75     O25   12.000     12   30.2620     15    95   17.654 -0.2 5.291280 0.014905952 0.001766
419    75     O26   23.000     23   27.0000     27   104   17.110  1.8 5.668705 0.013623533 0.001917
420    75     O27   47.000     47   55.0000     55   116   17.873  2.1 5.926751 0.014444706 0.002441
421    75  ON2524    7.000      7    3.7636      3    93   17.654  1.2 5.161146 0.014803010 0.001740
422    75  ON2625    3.000      3    4.0000      4   102   17.654  1.9 5.422878 0.014216243 0.001867
423    75     P20    4.000      2    6.3436      2    53   16.541 -1.3 4.417112 0.013527348 0.001825
424    75     P22    9.000      9    9.8931      3    69   17.975 -1.5 4.755803 0.014511419 0.001909
425    75     P24    0.000      0    3.0000      3    65   17.432 -1.0 4.740611 0.014347497 0.001689
426    75     P25    0.000      0    1.0000      1    75   17.444 -1.1 5.172185 0.005858907 0.001701
427    75     P26   12.000     12    9.0000      9    97   18.020  0.6 5.834477 0.014605540 0.002350
428    75     P27   12.000     12   16.0000     16   108   17.260  1.2 6.220015 0.014115351 0.001956
429    75     P30    0.000      0    1.0000      1   141   17.568  2.4 6.085942 0.013706497 0.002482
430    75     P31    2.000      2    7.0000      7   135   17.362  2.0 5.917210 0.013540714 0.002941
431    75     P32    5.000      5    1.0000      1   141   17.008  2.1 5.049571 0.012877846 0.002357
432    75  PO2423    4.000      4    7.0000      7    76   17.475 -1.3 4.763224 0.014601968 0.001967
433    75  PO2524    4.000      4    8.0000      8    80   17.738 -1.2 5.013459 0.014387317 0.001763
434    75  PO2625    5.000      5    5.0000      5    94   17.955 -0.3 5.502576 0.014673258 0.002079
435    75  PO2726   23.000     23   31.0000     31   106   17.782  1.3 5.964651 0.014091204 0.002411
436    75     Q25    1.000      1    2.0000      2    63   17.533  0.0 5.212280 0.006895825 0.001558
437    75     Q26   36.518     11  187.0551      3    90   19.413 -0.2 5.945693 0.015632713 0.002159
438    75     Q30    7.000      7   11.0000     11   137   18.040  2.1 6.254995 0.014274615 0.002419
439    75     Q31    0.000      0   17.0000     17   147   18.040  2.0 6.005222 0.014006375 0.002255
440    75  QP2524    1.000      1    1.0000      1    60   16.227  0.5 4.899939 0.009324872 0.001514
441    75  QP2625   12.000     12    2.0000      2    87   17.674  0.4 5.642188 0.013995314 0.001856
442    75  QP2726   74.000     74   18.0000     18   100   18.343  0.6 6.156088 0.014455544 0.002417
443    75     R22    1.997      1   34.1248      4    62   18.679 -1.6 5.324870 0.015313941 0.001636
444    75     R26    5.095      1    0.0000      0    86   17.189 -0.8 5.983782 0.013350664 0.002373
445    75     R29  305.150     34  424.2078     27   118   17.438  1.7 6.378360 0.014067725 0.002035
446    75     R30   46.000     46   86.8114     26   129   18.040  2.0 6.348532 0.014479741 0.002400
447    75     R31   26.000     26   69.0000     69   147   18.177  2.0 6.085079 0.014764589 0.002316
448    75     R32    0.000      0    5.0000      5   162   18.177  2.5 5.085583 0.014663897 0.002538
449    75     S28   18.792      5   38.1082      1   102   16.785  1.0 6.443201 0.013340289 0.002063
450    75     S29   92.630     12  404.9183      5   111   16.760  1.7 6.394497 0.013452353 0.002414
451    75     S30   21.999      3  248.4772      4   122   17.873  1.9 6.390598 0.013897558 0.001952
452    75     S31   78.385     12  133.2712      8   132   18.040  2.1 6.093261 0.014232538 0.002154
453    75     T25    2.088      1    7.9795      1    73   18.980 -1.4 5.657105 0.015671389 0.001628
454    75     T30   89.247     12  158.8869      1   117   17.873  1.8 6.407145 0.013954879 0.001966
455    75     U25    1.000      1    9.4361      1    70   17.280 -1.5 5.850253 0.014046061 0.001649
456    75     U26    0.000      0   29.2830      5    76   17.273 -1.4 5.880491 0.013934615 0.001589
457    75     V25    5.000      5    7.6634      1    62   16.656 -1.5 6.051012 0.013330029 0.001749
458    75     V26    0.000      0   14.2167      1    72   17.396 -1.5 5.803262 0.014551172 0.001544
459    85     F18    2.000      2   10.0000     10   107   17.882  2.3 3.309178 0.013930624 0.002155
460    85     F21    1.000      1    0.0000      0    97   17.654  2.3 3.031825 0.014396391 0.002062
461    85     F22   11.000     11    6.0000      6   113   17.814  3.7 3.661512 0.014656710 0.001968
462    85     G18    1.000      1    8.0000      8    81   17.730 -0.5 3.210886 0.015709323 0.001757
463    85     G22    4.000      4    0.0000      0    94   16.924  2.9 3.504983 0.014116886 0.002027
464    85     H18    0.000      0    1.0000      1    74   17.655 -0.7 3.312259 0.015714934 0.001505
465    85     H23    1.000      1    4.0000      4    99   17.653  3.5 4.207180 0.014313227 0.002664
466    85     I18    3.000      3   10.0000     10    71   17.168 -0.2 3.464881 0.014260350 0.001726
467    85     I21    0.000      0    3.0000      3    73   15.877 -0.3 3.407365 0.012535312 0.001424
468    85     I22    6.000      6   10.7552      8    84   16.847  1.8 3.995257 0.013787421 0.002207
469    85     I23   49.000     49   32.0012     22    99   17.100  2.8 4.531773 0.013869834 0.002579
470    85  IH2120    0.000      0    2.0000      2    69   19.724 -0.5 3.084691 0.013939450 0.001573
471    85  IH2221    1.000      1    2.0000      2    74   16.502  2.8 3.536010 0.013586867 0.001467
472    85     J18    0.000      0    4.0000      4    69   17.010 -1.3 3.536167 0.013955533 0.001729
473    85     J19    1.000      1    2.0000      2    70   17.674 -1.4 3.383303 0.016108009 0.001967
474    85     J20    2.000      2   11.0000     11    70   17.531 -1.3 3.420390 0.014342088 0.001781
475    85     J21   17.000     17   44.4672     24    74   21.313 -0.7 3.782849 0.017883537 0.001866
476    85     J22    1.000      1    0.0000      0    86   17.659  1.2 4.363528 0.014132744 0.002204
477    85     J23    7.000      7   13.0000     13    98   17.654  2.0 4.825663 0.014478744 0.002223
478    85     J24   11.000     11   15.0000     15   104   17.238  2.2 4.898352 0.010564225 0.001779
479    85     J25    7.000      7    4.0000      4   108   18.310  2.8 4.497125 0.016933220 0.002364
480    85  JI2019    1.000      1    7.0000      7    66   16.210 -1.4 3.256648 0.013214119 0.001637
481    85  JI2120    0.000      0    3.0000      3    71   16.959 -1.1 3.396841 0.013854358 0.001986
482    85  JI2221    4.000      4    3.0000      3    77   17.237  0.3 3.883140 0.014156848 0.001922
483    85     K20    1.000      1   11.0000     11    69   17.227 -1.4 3.628744 0.014038138 0.001657
484    85     K21    7.000      7   20.0000     20    73   16.812 -1.2 4.014178 0.014244035 0.001774
485    85     K22    9.000      9   45.0000     45    84   17.182  0.3 4.584010 0.014312055 0.001790
486    85     K23   26.000     26    9.0000      9    95   17.373  1.8 5.003959 0.014136851 0.001984
487    85     K24   10.000     10   15.0000     15   102   17.068  2.5 5.064306 0.013814022 0.002303
488    85     K25    1.000      1    4.0000      4   109   17.441  2.8 4.726846 0.015656660 0.002086
489    85     L20   26.000     26   52.0000     52    67   17.602 -1.1 3.825626 0.014241084 0.001801
490    85     L21    9.000      9   33.0000     33    73   16.830 -1.4 4.260149 0.014195496 0.001732
491    85     L22   41.000     41   80.0000     80    82   17.487 -0.1 4.762806 0.014142943 0.001803
492    85     L23   14.000     14    7.0000      7    92   17.397  1.2 5.095623 0.014065082 0.001973
493    85     L24   13.000     13   14.0000     14   101   17.608  2.1 5.139559 0.014071393 0.002287
494    85     L25   26.000     26   11.0000     11   112   17.441  2.6 4.907496 0.014004040 0.002199
495    85     N20    8.000      8   23.5215     15    60   16.650 -1.2 4.226803 0.014014547 0.001513
496    85     N21    7.000      7   13.4109      9    68   16.959 -1.5 4.659263 0.013547802 0.001949
497    85     N22    3.000      3   19.3924      4    75   17.666 -1.5 4.932028 0.014704910 0.001568
498    85     N24    3.000      3   44.6642     20    87   17.360 -0.4 5.126624 0.013771977 0.002281
499    85     N25    7.000      7    1.0000      1   102   17.654  1.6 5.248365 0.014334626 0.002505
500    85     N26    5.000      5    4.0000      4   110   17.280  2.1 5.396135 0.014423914 0.002565
501    85     N27    0.000      0    1.0000      1   120   17.873  2.4 5.454663 0.014137261 0.002595
502    85     O20    1.000      1    1.9172      1    56   17.214 -1.4 4.336546 0.014288522 0.001493
503    85     O22    4.000      4    0.0000      0    72   18.317 -1.5 4.847791 0.015305537 0.001688
504    85     O24    3.000      3    7.0000      7    84   17.360 -1.1 4.952239 0.014338850 0.001958
505    85     O25   10.000     10   13.0000     13    95   17.654 -0.2 5.291280 0.014905952 0.001766
506    85     O26   20.000     20   19.0000     19   104   17.110  1.8 5.668705 0.013623533 0.001917
507    85     O27   32.000     32   35.0000     35   116   17.873  2.1 5.926751 0.014444706 0.002441
508    85  ON2524    4.000      4    6.0000      6    93   17.654  1.2 5.161146 0.014803010 0.001740
509    85  ON2625    3.000      3    7.0000      7   102   17.654  1.9 5.422878 0.014216243 0.001867
510    85     P22    1.000      1    6.5954      2    69   17.975 -1.5 4.755803 0.014511419 0.001909
511    85     P24    0.000      0    1.0000      1    65   17.432 -1.0 4.740611 0.014347497 0.001689
512    85     P25    0.000      0    2.0000      2    75   17.444 -1.1 5.172185 0.005858907 0.001701
513    85     P26   10.000     10    4.0000      4    97   18.020  0.6 5.834477 0.014605540 0.002350
514    85     P27    5.000      5    7.0000      7   108   17.260  1.2 6.220015 0.014115351 0.001956
515    85     P31    2.000      2    8.0000      8   135   17.362  2.0 5.917210 0.013540714 0.002941
516    85  PO2423    0.000      0    2.0000      2    76   17.475 -1.3 4.763224 0.014601968 0.001967
517    85  PO2524    4.000      4   11.0000     11    80   17.738 -1.2 5.013459 0.014387317 0.001763
518    85  PO2625    6.000      6   10.0000     10    94   17.955 -0.3 5.502576 0.014673258 0.002079
519    85  PO2726   12.000     12   31.0000     31   106   17.782  1.3 5.964651 0.014091204 0.002411
520    85     Q26   10.000     10    0.0000      0    90   19.413 -0.2 5.945693 0.015632713 0.002159
521    85     Q30    3.000      3   24.0000     24   137   18.040  2.1 6.254995 0.014274615 0.002419
522    85     Q31    6.000      6   31.0000     31   147   18.040  2.0 6.005222 0.014006375 0.002255
523    85  QP2524    0.000      0    1.0000      1    60   16.227  0.5 4.899939 0.009324872 0.001514
524    85  QP2625    8.000      8    3.0000      3    87   17.674  0.4 5.642188 0.013995314 0.001856
525    85  QP2726   31.000     31   25.0000     25   100   18.343  0.6 6.156088 0.014455544 0.002417
526    85     R29   31.925      8  109.9798      7   118   17.438  1.7 6.378360 0.014067725 0.002035
527    85     R30   44.000     44  106.8448     32   129   18.040  2.0 6.348532 0.014479741 0.002400
528    85     R31   20.000     20   63.0000     63   147   18.177  2.0 6.085079 0.014764589 0.002316
529    85     R32    2.000      2   12.0000     12   162   18.177  2.5 5.085583 0.014663897 0.002538
530    85     S28    5.000      5    0.0000      0   102   16.785  1.0 6.443201 0.013340289 0.002063
531    85     S29   75.980     32  329.4206     20   111   16.760  1.7 6.394497 0.013452353 0.002414
532    85     S30   27.666     15   65.6265      3   122   17.873  1.9 6.390598 0.013897558 0.001952
533    85     S31    9.035      3   40.3178      9   132   18.040  2.1 6.093261 0.014232538 0.002154
534    85     T25    0.000      0    7.9795      1    73   18.980 -1.4 5.657105 0.015671389 0.001628
535    85     T30   28.000     28   11.0000     11   117   17.873  1.8 6.407145 0.013954879 0.001966
536    95     F18    2.000      2    8.0000      8   107   17.882  2.3 3.309178 0.013930624 0.002155
537    95     F22    3.000      3    5.0000      5   113   17.814  3.7 3.661512 0.014656710 0.001968
538    95     G18    0.000      0    7.0000      7    81   17.730 -0.5 3.210886 0.015709323 0.001757
539    95     G22    0.000      0    3.0000      3    94   16.924  2.9 3.504983 0.014116886 0.002027
540    95     H18    4.000      4    4.0000      4    74   17.655 -0.7 3.312259 0.015714934 0.001505
541    95     H23    2.000      2    7.0000      7    99   17.653  3.5 4.207180 0.014313227 0.002664
542    95     I18    6.000      6   21.0000     21    71   17.168 -0.2 3.464881 0.014260350 0.001726
543    95     I21    3.000      3   12.0000     12    73   15.877 -0.3 3.407365 0.012535312 0.001424
544    95     I22   28.000     28   56.4648     42    84   16.847  1.8 3.995257 0.013787421 0.002207
545    95     I23   97.000     97  193.4618    133    99   17.100  2.8 4.531773 0.013869834 0.002579
546    95  IH2120    2.000      2    7.0000      7    69   19.724 -0.5 3.084691 0.013939450 0.001573
547    95     J18    0.000      0    3.0000      3    69   17.010 -1.3 3.536167 0.013955533 0.001729
548    95     J19    0.000      0   11.0000     11    70   17.674 -1.4 3.383303 0.016108009 0.001967
549    95     J20   16.000     16   53.0000     53    70   17.531 -1.3 3.420390 0.014342088 0.001781
550    95     J21   21.000     21  196.3968    106    74   21.313 -0.7 3.782849 0.017883537 0.001866
551    95     J22    2.000      2    2.0000      2    86   17.659  1.2 4.363528 0.014132744 0.002204
552    95     J23   10.000     10   32.0000     32    98   17.654  2.0 4.825663 0.014478744 0.002223
553    95     J24   18.000     18   11.0000     11   104   17.238  2.2 4.898352 0.010564225 0.001779
554    95     J25   14.000     14    7.0000      7   108   18.310  2.8 4.497125 0.016933220 0.002364
555    95  JI2019    2.000      2   10.0000     10    66   16.210 -1.4 3.256648 0.013214119 0.001637
556    95  JI2120    0.000      0   24.0000     24    71   16.959 -1.1 3.396841 0.013854358 0.001986
557    95  JI2221    6.000      6   11.0000     11    77   17.237  0.3 3.883140 0.014156848 0.001922
558    95     K20    8.000      8   14.0000     14    69   17.227 -1.4 3.628744 0.014038138 0.001657
559    95     K21   18.000     18   36.0000     36    73   16.812 -1.2 4.014178 0.014244035 0.001774
560    95     K22   37.000     37   81.0000     81    84   17.182  0.3 4.584010 0.014312055 0.001790
561    95     K23   26.000     26   29.0000     29    95   17.373  1.8 5.003959 0.014136851 0.001984
562    95     K24   16.000     16   17.0000     17   102   17.068  2.5 5.064306 0.013814022 0.002303
563    95     K25    7.000      7    8.0000      8   109   17.441  2.8 4.726846 0.015656660 0.002086
564    95     L20   24.000     24   56.0000     56    67   17.602 -1.1 3.825626 0.014241084 0.001801
565    95     L21   10.000     10   50.0000     50    73   16.830 -1.4 4.260149 0.014195496 0.001732
566    95     L22   32.000     32   50.0000     50    82   17.487 -0.1 4.762806 0.014142943 0.001803
567    95     L23   15.000     15   15.0000     15    92   17.397  1.2 5.095623 0.014065082 0.001973
568    95     L24   18.000     18   24.0000     24   101   17.608  2.1 5.139559 0.014071393 0.002287
569    95     L25   43.000     43   35.0000     35   112   17.441  2.6 4.907496 0.014004040 0.002199
570    95     N20   10.000     10    6.2724      4    60   16.650 -1.2 4.226803 0.014014547 0.001513
571    95     N21    6.000      6    7.4505      5    68   16.959 -1.5 4.659263 0.013547802 0.001949
572    95     N22    2.000      2    4.8481      1    75   17.666 -1.5 4.932028 0.014704910 0.001568
573    95     N24    8.000      8   27.8775     15    87   17.360 -0.4 5.126624 0.013771977 0.002281
574    95     N25    5.000      5    9.0000      9   102   17.654  1.6 5.248365 0.014334626 0.002505
575    95     N26    5.000      5    6.0000      6   110   17.280  2.1 5.396135 0.014423914 0.002565
576    95     N27    2.000      2    6.0000      6   120   17.873  2.4 5.454663 0.014137261 0.002595
577    95     O22    1.000      1    0.0000      0    72   18.317 -1.5 4.847791 0.015305537 0.001688
578    95     O24    2.000      2    2.0000      2    84   17.360 -1.1 4.952239 0.014338850 0.001958
579    95     O25    5.000      5   12.0000     12    95   17.654 -0.2 5.291280 0.014905952 0.001766
580    95     O26    8.000      8   23.0000     23   104   17.110  1.8 5.668705 0.013623533 0.001917
581    95     O27   36.000     36   26.0000     26   116   17.873  2.1 5.926751 0.014444706 0.002441
582    95  ON2524    6.000      6    7.0000      7    93   17.654  1.2 5.161146 0.014803010 0.001740
583    95  ON2625    3.000      3    3.0000      3   102   17.654  1.9 5.422878 0.014216243 0.001867
584    95     P26   20.000     20    6.0000      6    97   18.020  0.6 5.834477 0.014605540 0.002350
585    95     P27    8.000      8    7.0000      7   108   17.260  1.2 6.220015 0.014115351 0.001956
586    95     P30    1.000      1    4.0000      4   141   17.568  2.4 6.085942 0.013706497 0.002482
587    95     P31    0.000      0    4.0000      4   135   17.362  2.0 5.917210 0.013540714 0.002941
588    95     P32    3.000      3    2.0000      2   141   17.008  2.1 5.049571 0.012877846 0.002357
589    95  PO2423    1.000      1    2.0000      2    76   17.475 -1.3 4.763224 0.014601968 0.001967
590    95  PO2524    0.000      0    3.0000      3    80   17.738 -1.2 5.013459 0.014387317 0.001763
591    95  PO2625    4.000      4    7.0000      7    94   17.955 -0.3 5.502576 0.014673258 0.002079
592    95  PO2726    8.000      8   20.0000     20   106   17.782  1.3 5.964651 0.014091204 0.002411
593    95     Q25    1.000      1    0.0000      0    63   17.533  0.0 5.212280 0.006895825 0.001558
594    95     Q26    3.000      3    0.0000      0    90   19.413 -0.2 5.945693 0.015632713 0.002159
595    95     Q30   10.000     10   33.0000     33   137   18.040  2.1 6.254995 0.014274615 0.002419
596    95     Q31   10.000     10   44.0000     44   147   18.040  2.0 6.005222 0.014006375 0.002255
597    95  QP2524    0.000      0    1.0000      1    60   16.227  0.5 4.899939 0.009324872 0.001514
598    95  QP2625    3.000      3    2.0000      2    87   17.674  0.4 5.642188 0.013995314 0.001856
599    95  QP2726   25.000     25   12.0000     12   100   18.343  0.6 6.156088 0.014455544 0.002417
600    95     R29   17.000     17   47.1342      3   118   17.438  1.7 6.378360 0.014067725 0.002035
601    95     R30   24.000     24   56.7613     17   129   18.040  2.0 6.348532 0.014479741 0.002400
602    95     R31   18.000     18   38.0000     38   147   18.177  2.0 6.085079 0.014764589 0.002316
603    95     R32   15.000     15   16.0000     16   162   18.177  2.5 5.085583 0.014663897 0.002538
604    95     S28    4.448      1    0.0000      0   102   16.785  1.0 6.443201 0.013340289 0.002063
605    95     S29   31.000     31   53.8390     34   111   16.760  1.7 6.394497 0.013452353 0.002414
606    95     S30   32.000     32   45.5936     26   122   17.873  1.9 6.390598 0.013897558 0.001952
607    95     S31   14.000     14   37.6589     22   132   18.040  2.1 6.093261 0.014232538 0.002154
608    95     T30   12.000     12   22.0000     22   117   17.873  1.8 6.407145 0.013954879 0.001966
609    95     V26    2.996      1    0.0000      0    72   17.396 -1.5 5.803262 0.014551172 0.001544
610   105     F18    8.000      8   10.0000     10   107   17.882  2.3 3.309178 0.013930624 0.002155
611   105     F21    1.000      1    0.0000      0    97   17.654  2.3 3.031825 0.014396391 0.002062
612   105     F22    2.000      2    7.0000      7   113   17.814  3.7 3.661512 0.014656710 0.001968
613   105     G18    3.000      3   14.0000     14    81   17.730 -0.5 3.210886 0.015709323 0.001757
614   105     G22    1.000      1    2.0000      2    94   16.924  2.9 3.504983 0.014116886 0.002027
615   105  GF2221    0.000      0    4.0000      4   100   17.421  3.3 3.231405 0.014236860 0.002465
616   105     H18    4.000      4    6.0000      6    74   17.655 -0.7 3.312259 0.015714934 0.001505
617   105     H23   18.000     18   14.0000     14    99   17.653  3.5 4.207180 0.014313227 0.002664
618   105     I18    9.000      9   34.0000     34    71   17.168 -0.2 3.464881 0.014260350 0.001726
619   105     I21    2.000      2   20.0000     20    73   15.877 -0.3 3.407365 0.012535312 0.001424
620   105     I22   34.000     34   55.1204     41    84   16.847  1.8 3.995257 0.013787421 0.002207
621   105     I23   60.000     60  112.0042     77    99   17.100  2.8 4.531773 0.013869834 0.002579
622   105  IH2120    1.000      1    5.0000      5    69   19.724 -0.5 3.084691 0.013939450 0.001573
623   105  IH2221    0.000      0    2.0000      2    74   16.502  2.8 3.536010 0.013586867 0.001467
624   105     J18    0.000      0    4.0000      4    69   17.010 -1.3 3.536167 0.013955533 0.001729
625   105     J19    1.000      1    6.0000      6    70   17.674 -1.4 3.383303 0.016108009 0.001967
626   105     J20   10.000     10   36.0000     36    70   17.531 -1.3 3.420390 0.014342088 0.001781
627   105     J21    6.000      6  164.8992     89    74   21.313 -0.7 3.782849 0.017883537 0.001866
628   105     J22    4.000      4    3.0000      3    86   17.659  1.2 4.363528 0.014132744 0.002204
629   105     J23    6.000      6   21.0000     21    98   17.654  2.0 4.825663 0.014478744 0.002223
630   105     J24   10.000     10   23.0000     23   104   17.238  2.2 4.898352 0.010564225 0.001779
631   105     J25   22.000     22    6.0000      6   108   18.310  2.8 4.497125 0.016933220 0.002364
632   105  JI2019    2.000      2    4.0000      4    66   16.210 -1.4 3.256648 0.013214119 0.001637
633   105  JI2120    0.000      0   28.0000     28    71   16.959 -1.1 3.396841 0.013854358 0.001986
634   105  JI2221    5.000      5   20.0000     20    77   17.237  0.3 3.883140 0.014156848 0.001922
635   105     K20    3.000      3   14.0000     14    69   17.227 -1.4 3.628744 0.014038138 0.001657
636   105     K21   22.000     22   39.0000     39    73   16.812 -1.2 4.014178 0.014244035 0.001774
637   105     K22   15.000     15   33.0000     33    84   17.182  0.3 4.584010 0.014312055 0.001790
638   105     K23   16.000     16   20.0000     20    95   17.373  1.8 5.003959 0.014136851 0.001984
639   105     K24   14.000     14   30.0000     30   102   17.068  2.5 5.064306 0.013814022 0.002303
640   105     K25   11.000     11   18.0000     18   109   17.441  2.8 4.726846 0.015656660 0.002086
641   105     L20    6.000      6   10.0000     10    67   17.602 -1.1 3.825626 0.014241084 0.001801
642   105     L21    4.000      4   38.0000     38    73   16.830 -1.4 4.260149 0.014195496 0.001732
643   105     L22   13.000     13   35.0000     35    82   17.487 -0.1 4.762806 0.014142943 0.001803
644   105     L23   14.000     14    8.0000      8    92   17.397  1.2 5.095623 0.014065082 0.001973
645   105     L24   14.000     14   21.0000     21   101   17.608  2.1 5.139559 0.014071393 0.002287
646   105     L25   23.000     23   35.0000     35   112   17.441  2.6 4.907496 0.014004040 0.002199
647   105     N20    3.000      3    1.5681      1    60   16.650 -1.2 4.226803 0.014014547 0.001513
648   105     N21    0.000      0    1.4901      1    68   16.959 -1.5 4.659263 0.013547802 0.001949
649   105     N22    1.000      1    4.8481      1    75   17.666 -1.5 4.932028 0.014704910 0.001568
650   105     N24    2.000      2   27.8775     15    87   17.360 -0.4 5.126624 0.013771977 0.002281
651   105     N25    5.000      5    2.0000      2   102   17.654  1.6 5.248365 0.014334626 0.002505
652   105     N26    9.000      9   17.0000     17   110   17.280  2.1 5.396135 0.014423914 0.002565
653   105     N27   14.000     14    7.0000      7   120   17.873  2.4 5.454663 0.014137261 0.002595
654   105     O20    0.000      0    1.9172      1    56   17.214 -1.4 4.336546 0.014288522 0.001493
655   105     O22    1.000      1    2.9118      1    72   18.317 -1.5 4.847791 0.015305537 0.001688
656   105     O24    0.000      0    2.0000      2    84   17.360 -1.1 4.952239 0.014338850 0.001958
657   105     O25    3.000      3   12.0000     12    95   17.654 -0.2 5.291280 0.014905952 0.001766
658   105     O26    8.000      8   13.0000     13   104   17.110  1.8 5.668705 0.013623533 0.001917
659   105     O27   29.000     29   20.0000     20   116   17.873  2.1 5.926751 0.014444706 0.002441
660   105  ON2524    8.000      8    4.0000      4    93   17.654  1.2 5.161146 0.014803010 0.001740
661   105  ON2625    9.000      9   11.0000     11   102   17.654  1.9 5.422878 0.014216243 0.001867
662   105     P26   12.000     12    2.0000      2    97   18.020  0.6 5.834477 0.014605540 0.002350
663   105     P27    5.000      5   10.0000     10   108   17.260  1.2 6.220015 0.014115351 0.001956
664   105     P30    0.000      0    8.0000      8   141   17.568  2.4 6.085942 0.013706497 0.002482
665   105     P31    2.000      2    6.0000      6   135   17.362  2.0 5.917210 0.013540714 0.002941
666   105     P32    1.000      1    2.0000      2   141   17.008  2.1 5.049571 0.012877846 0.002357
667   105  PO2423    0.000      0    1.0000      1    76   17.475 -1.3 4.763224 0.014601968 0.001967
668   105  PO2625    3.000      3    2.0000      2    94   17.955 -0.3 5.502576 0.014673258 0.002079
669   105  PO2726   12.000     12   13.0000     13   106   17.782  1.3 5.964651 0.014091204 0.002411
670   105     Q26    0.000      0   62.3517      1    90   19.413 -0.2 5.945693 0.015632713 0.002159
671   105     Q30    9.000      9   36.0000     36   137   18.040  2.1 6.254995 0.014274615 0.002419
672   105     Q31   18.000     18   34.0000     34   147   18.040  2.0 6.005222 0.014006375 0.002255
673   105  QP2625    2.000      2    1.0000      1    87   17.674  0.4 5.642188 0.013995314 0.001856
674   105  QP2726    4.000      4    6.0000      6   100   18.343  0.6 6.156088 0.014455544 0.002417
675   105     R29   18.000     18   15.7114      1   118   17.438  1.7 6.378360 0.014067725 0.002035
676   105     R30   19.000     19   40.0668     12   129   18.040  2.0 6.348532 0.014479741 0.002400
677   105     R31   16.000     16   41.0000     41   147   18.177  2.0 6.085079 0.014764589 0.002316
678   105     R32   17.000     17   27.0000     27   162   18.177  2.5 5.085583 0.014663897 0.002538
679   105     S28    1.000      1    0.0000      0   102   16.785  1.0 6.443201 0.013340289 0.002063
680   105     S29    8.000      8   26.9195     17   111   16.760  1.7 6.394497 0.013452353 0.002414
681   105     S30   33.000     33   49.1008     28   122   17.873  1.9 6.390598 0.013897558 0.001952
682   105     S31    8.000      8   27.0000     27   132   18.040  2.1 6.093261 0.014232538 0.002154
683   105     T30    2.000      2    6.0000      6   117   17.873  1.8 6.407145 0.013954879 0.001966
684   115     F18   10.000     10    8.0000      8   107   17.882  2.3 3.309178 0.013930624 0.002155
685   115     F22    0.000      0    8.0000      8   113   17.814  3.7 3.661512 0.014656710 0.001968
686   115     G18    0.000      0   19.0000     19    81   17.730 -0.5 3.210886 0.015709323 0.001757
687   115     G22    1.000      1    4.0000      4    94   16.924  2.9 3.504983 0.014116886 0.002027
688   115     H18    4.000      4   33.0000     33    74   17.655 -0.7 3.312259 0.015714934 0.001505
689   115     H23    8.000      8   15.0000     15    99   17.653  3.5 4.207180 0.014313227 0.002664
690   115     I18   12.000     12   28.0000     28    71   17.168 -0.2 3.464881 0.014260350 0.001726
691   115     I21    0.000      0   44.0000     44    73   15.877 -0.3 3.407365 0.012535312 0.001424
692   115     I22   34.000     34  125.0292     93    84   16.847  1.8 3.995257 0.013787421 0.002207
693   115     I23   26.000     26   68.3662     47    99   17.100  2.8 4.531773 0.013869834 0.002579
694   115  IH2120    3.000      3    6.0000      6    69   19.724 -0.5 3.084691 0.013939450 0.001573
695   115  IH2221    0.000      0    3.0000      3    74   16.502  2.8 3.536010 0.013586867 0.001467
696   115     J18    0.000      0    5.0000      5    69   17.010 -1.3 3.536167 0.013955533 0.001729
697   115     J19    1.000      1    5.0000      5    70   17.674 -1.4 3.383303 0.016108009 0.001967
698   115     J20    9.000      9   40.0000     40    70   17.531 -1.3 3.420390 0.014342088 0.001781
699   115     J21    6.000      6   88.9344     48    74   21.313 -0.7 3.782849 0.017883537 0.001866
700   115     J22    1.000      1    5.0000      5    86   17.659  1.2 4.363528 0.014132744 0.002204
701   115     J23    2.000      2    7.0000      7    98   17.654  2.0 4.825663 0.014478744 0.002223
702   115     J24    6.000      6    5.0000      5   104   17.238  2.2 4.898352 0.010564225 0.001779
703   115     J25   11.000     11    5.0000      5   108   18.310  2.8 4.497125 0.016933220 0.002364
704   115  JI2019    2.000      2   10.0000     10    66   16.210 -1.4 3.256648 0.013214119 0.001637
705   115  JI2120    0.000      0   35.0000     35    71   16.959 -1.1 3.396841 0.013854358 0.001986
706   115  JI2221    6.000      6   37.0000     37    77   17.237  0.3 3.883140 0.014156848 0.001922
707   115     K20    3.000      3    3.0000      3    69   17.227 -1.4 3.628744 0.014038138 0.001657
708   115     K21    5.000      5   30.0000     30    73   16.812 -1.2 4.014178 0.014244035 0.001774
709   115     K22    9.000      9   11.0000     11    84   17.182  0.3 4.584010 0.014312055 0.001790
710   115     K23    6.000      6    9.0000      9    95   17.373  1.8 5.003959 0.014136851 0.001984
711   115     K24    1.000      1    9.0000      9   102   17.068  2.5 5.064306 0.013814022 0.002303
712   115     K25    9.000      9   20.0000     20   109   17.441  2.8 4.726846 0.015656660 0.002086
713   115     L20    0.000      0    4.0000      4    67   17.602 -1.1 3.825626 0.014241084 0.001801
714   115     L21    1.000      1    8.0000      8    73   16.830 -1.4 4.260149 0.014195496 0.001732
715   115     L22    3.000      3   10.0000     10    82   17.487 -0.1 4.762806 0.014142943 0.001803
716   115     L23    5.000      5    7.0000      7    92   17.397  1.2 5.095623 0.014065082 0.001973
717   115     L24    7.000      7   12.0000     12   101   17.608  2.1 5.139559 0.014071393 0.002287
718   115     L25   12.000     12   20.0000     20   112   17.441  2.6 4.907496 0.014004040 0.002199
719   115     N20    1.000      1    0.0000      0    60   16.650 -1.2 4.226803 0.014014547 0.001513
720   115     N24    3.000      3   26.0190     14    87   17.360 -0.4 5.126624 0.013771977 0.002281
721   115     N25    2.000      2    7.0000      7   102   17.654  1.6 5.248365 0.014334626 0.002505
722   115     N26    7.000      7    5.0000      5   110   17.280  2.1 5.396135 0.014423914 0.002565
723   115     N27    7.000      7    7.0000      7   120   17.873  2.4 5.454663 0.014137261 0.002595
724   115     O25    4.000      4    3.0000      3    95   17.654 -0.2 5.291280 0.014905952 0.001766
725   115     O26    3.000      3   11.0000     11   104   17.110  1.8 5.668705 0.013623533 0.001917
726   115     O27    8.000      8   10.0000     10   116   17.873  2.1 5.926751 0.014444706 0.002441
727   115  ON2524    1.000      1    8.0000      8    93   17.654  1.2 5.161146 0.014803010 0.001740
728   115  ON2625    1.000      1    4.0000      4   102   17.654  1.9 5.422878 0.014216243 0.001867
729   115     P20    0.000      0    3.1718      1    53   16.541 -1.3 4.417112 0.013527348 0.001825
730   115     P26    3.000      3    1.0000      1    97   18.020  0.6 5.834477 0.014605540 0.002350
731   115     P27    1.000      1    2.0000      2   108   17.260  1.2 6.220015 0.014115351 0.001956
732   115     P30    0.000      0    1.0000      1   141   17.568  2.4 6.085942 0.013706497 0.002482
733   115     P31    3.000      3    4.0000      4   135   17.362  2.0 5.917210 0.013540714 0.002941
734   115     P32    1.000      1    0.0000      0   141   17.008  2.1 5.049571 0.012877846 0.002357
735   115  PO2423    0.000      0    1.0000      1    76   17.475 -1.3 4.763224 0.014601968 0.001967
736   115  PO2625    1.000      1    3.0000      3    94   17.955 -0.3 5.502576 0.014673258 0.002079
737   115  PO2726    2.000      2    6.0000      6   106   17.782  1.3 5.964651 0.014091204 0.002411
738   115     Q30    9.000      9   19.0000     19   137   18.040  2.1 6.254995 0.014274615 0.002419
739   115     Q31   11.000     11   22.0000     22   147   18.040  2.0 6.005222 0.014006375 0.002255
740   115  QP2726    1.000      1    1.0000      1   100   18.343  0.6 6.156088 0.014455544 0.002417
741   115     R29    6.000      6   31.4228      2   118   17.438  1.7 6.378360 0.014067725 0.002035
742   115     R30    8.000      8   13.3556      4   129   18.040  2.0 6.348532 0.014479741 0.002400
743   115     R31   10.000     10   16.0000     16   147   18.177  2.0 6.085079 0.014764589 0.002316
744   115     R32   11.000     11   19.0000     19   162   18.177  2.5 5.085583 0.014663897 0.002538
745   115     S28    1.000      1    0.0000      0   102   16.785  1.0 6.443201 0.013340289 0.002063
746   115     S29    0.000      0    7.9175      5   111   16.760  1.7 6.394497 0.013452353 0.002414
747   115     S30    9.000      9   35.0720     20   122   17.873  1.9 6.390598 0.013897558 0.001952
748   115     S31    9.000      9   13.0000     13   132   18.040  2.1 6.093261 0.014232538 0.002154
749   115     T30    2.000      2    6.0000      6   117   17.873  1.8 6.407145 0.013954879 0.001966
750   125     F18    0.000      0    4.0000      4   107   17.882  2.3 3.309178 0.013930624 0.002155
751   125     F22    1.000      1    1.0000      1   113   17.814  3.7 3.661512 0.014656710 0.001968
752   125     G18    0.000      0    8.0000      8    81   17.730 -0.5 3.210886 0.015709323 0.001757
753   125     G22    1.000      1    0.0000      0    94   16.924  2.9 3.504983 0.014116886 0.002027
754   125     H18    4.000      4    9.0000      9    74   17.655 -0.7 3.312259 0.015714934 0.001505
755   125     H23    6.000      6   13.0000     13    99   17.653  3.5 4.207180 0.014313227 0.002664
756   125     I18    1.000      1    9.0000      9    71   17.168 -0.2 3.464881 0.014260350 0.001726
757   125     I21    2.000      2   38.0000     38    73   15.877 -0.3 3.407365 0.012535312 0.001424
758   125     I22   16.000     16   82.0084     61    84   16.847  1.8 3.995257 0.013787421 0.002207
759   125     I23    7.000      7   32.0012     22    99   17.100  2.8 4.531773 0.013869834 0.002579
760   125  IH2120    0.000      0    2.0000      2    69   19.724 -0.5 3.084691 0.013939450 0.001573
761   125  IH2221    0.000      0    2.0000      2    74   16.502  2.8 3.536010 0.013586867 0.001467
762   125     J18    0.000      0    2.0000      2    69   17.010 -1.3 3.536167 0.013955533 0.001729
763   125     J19    0.000      0    5.0000      5    70   17.674 -1.4 3.383303 0.016108009 0.001967
764   125     J20    0.000      0    4.0000      4    70   17.531 -1.3 3.420390 0.014342088 0.001781
765   125     J21    1.000      1   42.6144     23    74   21.313 -0.7 3.782849 0.017883537 0.001866
766   125     J22    1.000      1    6.0000      6    86   17.659  1.2 4.363528 0.014132744 0.002204
767   125     J23    0.000      0    3.0000      3    98   17.654  2.0 4.825663 0.014478744 0.002223
768   125     J24    1.000      1    3.0000      3   104   17.238  2.2 4.898352 0.010564225 0.001779
769   125     J25    4.000      4    0.0000      0   108   18.310  2.8 4.497125 0.016933220 0.002364
770   125  JI2120    0.000      0   11.0000     11    71   16.959 -1.1 3.396841 0.013854358 0.001986
771   125  JI2221    9.000      9   39.0000     39    77   17.237  0.3 3.883140 0.014156848 0.001922
772   125     K20    1.000      1    2.0000      2    69   17.227 -1.4 3.628744 0.014038138 0.001657
773   125     K21    0.000      0    5.0000      5    73   16.812 -1.2 4.014178 0.014244035 0.001774
774   125     K22    1.000      1    4.0000      4    84   17.182  0.3 4.584010 0.014312055 0.001790
775   125     K23    2.000      2    2.0000      2    95   17.373  1.8 5.003959 0.014136851 0.001984
776   125     K25    3.000      3    6.0000      6   109   17.441  2.8 4.726846 0.015656660 0.002086
777   125     L22    0.000      0    3.0000      3    82   17.487 -0.1 4.762806 0.014142943 0.001803
778   125     L23    1.000      1    2.0000      2    92   17.397  1.2 5.095623 0.014065082 0.001973
779   125     L24    1.000      1    5.0000      5   101   17.608  2.1 5.139559 0.014071393 0.002287
780   125     L25    4.000      4    9.0000      9   112   17.441  2.6 4.907496 0.014004040 0.002199
781   125     N21    0.000      0    1.4901      1    68   16.959 -1.5 4.659263 0.013547802 0.001949
782   125     N24    1.000      1   14.8680      8    87   17.360 -0.4 5.126624 0.013771977 0.002281
783   125     N25    1.000      1    1.0000      1   102   17.654  1.6 5.248365 0.014334626 0.002505
784   125     N26    0.000      0    1.0000      1   110   17.280  2.1 5.396135 0.014423914 0.002565
785   125     N27    1.000      1    2.0000      2   120   17.873  2.4 5.454663 0.014137261 0.002595
786   125     O22    0.000      0    2.9118      1    72   18.317 -1.5 4.847791 0.015305537 0.001688
787   125     O25    0.000      0    6.0000      6    95   17.654 -0.2 5.291280 0.014905952 0.001766
788   125     O26    0.000      0    4.0000      4   104   17.110  1.8 5.668705 0.013623533 0.001917
789   125     O27    0.000      0    2.0000      2   116   17.873  2.1 5.926751 0.014444706 0.002441
790   125  ON2524    0.000      0    4.0000      4    93   17.654  1.2 5.161146 0.014803010 0.001740
791   125  ON2625    0.000      0    4.0000      4   102   17.654  1.9 5.422878 0.014216243 0.001867
792   125     P26    0.000      0    1.0000      1    97   18.020  0.6 5.834477 0.014605540 0.002350
793   125     P30    1.000      1    2.0000      2   141   17.568  2.4 6.085942 0.013706497 0.002482
794   125     P31    3.000      3    1.0000      1   135   17.362  2.0 5.917210 0.013540714 0.002941
795   125     P32    1.000      1    1.0000      1   141   17.008  2.1 5.049571 0.012877846 0.002357
796   125  PO2625    1.000      1    1.0000      1    94   17.955 -0.3 5.502576 0.014673258 0.002079
797   125     Q30    3.000      3    6.0000      6   137   18.040  2.1 6.254995 0.014274615 0.002419
798   125     Q31    0.000      0    3.0000      3   147   18.040  2.0 6.005222 0.014006375 0.002255
799   125  QP2726    1.000      1    1.0000      1   100   18.343  0.6 6.156088 0.014455544 0.002417
800   125     R29    1.000      1   15.7114      1   118   17.438  1.7 6.378360 0.014067725 0.002035
801   125     R31    1.000      1    4.0000      4   147   18.177  2.0 6.085079 0.014764589 0.002316
802   125     R32    2.000      2    5.0000      5   162   18.177  2.5 5.085583 0.014663897 0.002538
803   125     S30    1.000      1   14.0288      8   122   17.873  1.9 6.390598 0.013897558 0.001952
804   125     S31    0.000      0    3.0000      3   132   18.040  2.1 6.093261 0.014232538 0.002154
805   135     G18    0.000      0    1.0000      1    81   17.730 -0.5 3.210886 0.015709323 0.001757
806   135     H23    0.000      0    1.0000      1    99   17.653  3.5 4.207180 0.014313227 0.002664
807   135     I18    0.000      0    1.0000      1    71   17.168 -0.2 3.464881 0.014260350 0.001726
808   135     I21    0.000      0    5.0000      5    73   15.877 -0.3 3.407365 0.012535312 0.001424
809   135     I22    0.000      0    4.0332      3    84   16.847  1.8 3.995257 0.013787421 0.002207
810   135     I23    0.000      0    1.4546      1    99   17.100  2.8 4.531773 0.013869834 0.002579
811   135  IH2221    0.000      0    2.0000      2    74   16.502  2.8 3.536010 0.013586867 0.001467
812   135     J18    0.000      0    1.0000      1    69   17.010 -1.3 3.536167 0.013955533 0.001729
813   135     J21    0.000      0    3.7056      2    74   21.313 -0.7 3.782849 0.017883537 0.001866
814   135     J22    0.000      0    1.0000      1    86   17.659  1.2 4.363528 0.014132744 0.002204
815   135  JI2019    0.000      0    1.0000      1    66   16.210 -1.4 3.256648 0.013214119 0.001637
816   135  JI2221    0.000      0    3.0000      3    77   17.237  0.3 3.883140 0.014156848 0.001922
817   135     K22    0.000      0    2.0000      2    84   17.182  0.3 4.584010 0.014312055 0.001790
818   135     N24    0.000      0    1.8585      1    87   17.360 -0.4 5.126624 0.013771977 0.002281
819   135     N25    1.000      1    0.0000      0   102   17.654  1.6 5.248365 0.014334626 0.002505
820   135     O26    0.000      0    1.0000      1   104   17.110  1.8 5.668705 0.013623533 0.001917
821   135  PO2625    0.000      0    2.0000      2    94   17.955 -0.3 5.502576 0.014673258 0.002079
822   135     Q30    1.000      1    0.0000      0   137   18.040  2.1 6.254995 0.014274615 0.002419
823   135     Q31    0.000      0    1.0000      1   147   18.040  2.0 6.005222 0.014006375 0.002255
824   135     R32    0.000      0    1.0000      1   162   18.177  2.5 5.085583 0.014663897 0.002538
> 
